1 6 13779 13893 14392 14115 13870 13869 
1 6 13869 14013 14012 14178 14011 13892 
1 4 14011 14178 14440 14507 
1 20 13869 13736 13619 13598 13449 13424 13305 13154 12932 12833 12622 12502 12379 12111 11944 11814 11856 11946 12084 12154 
1 6 12581 12695 12834 12906 12694 12502 
1 4 12906 13135 13450 13619 
1 4 13154 13232 13231 13480 
1 5 12111 11880 11983 12238 12288 
1 2 11880 11612 
1 3 11856 11725 11419 
1 11 13755 13501 13178 13057 13134 13422 13617 13845 14035 14068 14114 
1 2 13480 13617 
1 6 11901 12082 12153 12359 12549 12779 
1 7 11901 11879 11745 11611 11484 11368 11187 
1 4 11611 11707 11943 11983 
1 2 11274 11418 
1 3 11274 11275 11109 
1 3 11274 10886 10840 
1 2 11484 11418 
1 2 11418 11612 
1 7 11543 11708 11857 11635 11485 11451 11276 
1 2 11276 11419 
1 4 11276 11091 11245 11109 
1 14 12667 12382 12360 12313 12024 12226 12204 11947 12002 12003 12056 12026 11948 12057 
1 4 11708 12085 12224 12382 
1 2 12154 12085 
1 5 12581 12551 12644 12783 12667 
1 5 13800 14014 14144 14326 14468 
1 3 14014 14222 14349 
1 2 13779 13800 
1 5 13869 13695 13642 13356 13451 
1 4 13451 13620 13778 13893 
1 4 13672 13503 13643 13800 
1 5 13643 13599 13396 13427 13451 
1 5 12834 12907 13033 13203 13451 
1 6 12667 12805 13136 13233 13279 13503 
1 2 13802 13673 
1 4 13802 13721 13848 13847 
1 5 13847 14117 14310 14393 14650 
1 5 13847 13782 13644 13399 13091 
1 7 13673 13504 13281 13034 12962 12784 12646 
1 3 12784 12961 13091 
1 3 12646 12430 12204 
1 5 14468 14469 14443 14350 14393 
1 5 13672 13824 13697 13781 13782 
1 6 13091 12981 12980 12754 12582 12313 
1 8 10356 10445 10411 10372 10266 10191 10284 10283 
1 5 9574 9735 9943 10104 10283 
1 5 10283 10436 10607 10713 10817 
1 4 11187 11031 10976 10817 
1 2 10817 11031 
1 3 10840 10860 10976 
1 3 10840 11032 10976 
1 4 10886 10840 10651 10372 
1 8 9574 9504 9551 9702 9757 9822 9962 9930 
1 3 9962 10125 10266 
1 12 9930 9844 9823 9717 9540 9329 9260 9185 9106 9002 8958 8835 
1 7 10356 10373 10208 10286 10374 10466 10594 
1 11 10208 10012 9736 9718 9824 9522 9523 9382 9317 9219 9139 
1 4 9139 9027 8931 8835 
1 3 9736 9767 9717 
1 3 9137 8957 8977 
1 2 8468 8504 
1 5 8468 8505 8567 8646 8745 
1 7 8025 8024 8093 8101 8151 8179 8199 
1 2 8025 8200 
1 3 8151 8220 8093 
1 9 8335 8368 8342 8286 91 8227 8226 8259 8055 
1 10 8342 8341 8427 8541 8625 8682 8758 8856 8959 9139 
1 2 8959 9027 
1 5 8259 8411 8447 8512 8541 
1 5 8411 8497 8581 8674 8835 
1 5 10126 10138 10341 10375 10447 
1 3 10126 10340 10466 
1 7 10447 10573 10819 10956 11056 11330 11485 
1 3 10594 10774 10819 
1 7 10138 9900 9768 9758 9668 9585 9506 
1 10 9506 9445 9426 9553 9806 9965 10209 10268 10389 10447 
1 5 10209 10105 9981 9805 9668 
1 2 10105 10268 
1 3 11452 11470 11666 
1 3 11666 11816 12003 
1 5 11666 11614 11638 11567 11471 
1 4 11567 11667 11859 12057 
1 6 11452 11248 11059 10889 10672 10638 
1 5 11471 11222 11092 10957 10822 
1 5 10822 10793 10716 10821 10889 
1 6 11452 11469 11613 11746 11837 11947 
1 3 11837 12025 12024 
1 5 11746 11727 11726 11637 11543 
1 8 11543 11399 11126 11057 10928 10820 10715 10638 
1 4 10819 10775 10887 11057 
1 6 10447 10574 10670 10611 10671 10820 
1 5 9965 10193 10412 10498 10638 
1 4 9965 9944 9945 9946 
1 4 9429 9670 9759 9945 
1 7 9429 9245 9187 9140 9261 9415 9553 
1 3 10716 10575 10672 
1 6 10575 10448 10269 10127 10064 9946 
1 5 9946 9947 9846 9809 9706 
1 2 9933 9886 
1 3 9003 9042 9140 
1 3 9003 9163 9245 
1 2 9003 8906 
1 5 10439 10323 10194 10237 10413 
1 4 10413 10534 10701 10822 
1 3 10194 10047 9933 
1 3 11471 11299 11278 
1 3 11278 11111 10891 
1 4 10891 10735 10554 10439 
1 3 13896 13872 13962 
1 4 13962 14270 14414 14629 
1 5 13896 14311 14528 14678 14629 
1 5 14751 14508 14651 14730 14629 
1 4 14751 14816 14708 14444 
1 2 14816 14983 
1 3 14444 14198 14117 
1 2 14444 14596 
1 4 13962 14268 14413 14508 
1 5 13673 13698 13803 13804 13962 
1 6 13802 13849 14072 14267 14243 14413 
1 2 15263 15074 
1 3 15263 15135 15074 
1 2 14983 15135 
1 3 15074 14902 14730 
1 3 11487 11545 11730 
1 4 11421 11488 11615 11730 
1 5 12155 11985 11790 11588 11421 
1 3 12155 12384 12554 
1 4 12554 12785 12808 13038 
1 6 11730 12028 12177 12383 12433 12554 
1 3 11487 11454 11471 
1 5 13065 13359 13486 13532 13805 
1 5 13805 13722 13621 13760 13674 
1 5 13038 13183 13379 13508 13532 
1 2 13508 13722 
1 2 13508 13621 
1 3 14293 14272 14092 
1 4 14293 14312 14120 14146 
1 5 14146 13988 13826 13806 13724 
1 4 14293 14680 14856 15003 
1 6 15003 15077 15264 15367 15592 15763 
1 5 15265 15308 15488 15410 15367 
1 4 15265 15093 14905 14654 
1 4 14654 14372 14200 14146 
1 3 13805 13963 14146 
1 3 13760 13939 14092 
1 3 13359 13455 13724 
1 3 13896 13909 13873 
1 4 14092 14091 14090 13873 
1 6 14528 14445 14630 14615 14679 14856 
1 5 13673 13505 13453 13307 13234 
1 2 13804 13530 
1 3 13896 13738 13548 
1 3 13674 13485 13484 
1 6 12785 12937 13037 13007 13064 13006 
1 3 12177 12316 12432 
1 3 12057 12241 12431 
1 4 13006 13036 13063 12893 
1 4 12646 12624 12756 12669 
1 2 13034 12756 
1 2 12935 12715 
1 2 13331 13157 
1 2 13483 13157 
1 2 12524 12758 
1 4 13484 13357 13309 13401 
1 2 13006 13309 
1 3 15762 15864 15884 
1 5 15762 15554 15330 15307 15263 
1 4 15330 15149 15056 14678 
1 6 14924 15112 15233 15389 15471 15554 
1 3 15056 15111 15233 
1 6 15233 15331 15457 15626 15703 15884 
1 3 15003 15076 14924 
1 4 15763 15807 15646 15626 
1 4 15762 15908 15958 16051 
1 3 14730 14903 15149 
1 4 16873 16789 16682 16314 
1 4 16873 16768 16818 16741 
1 6 16741 16628 16461 16234 16075 15884 
1 5 16768 16627 16515 16379 16234 
1 2 16627 16628 
1 5 15763 15959 16107 16250 16234 
1 2 15807 15959 
1 3 8908 8838 8726 
1 3 9079 8979 8908 
1 8 9152 9320 9365 9507 9614 9737 9785 9769 
1 4 9152 9044 8907 8817 
1 6 9044 8960 9043 9124 9094 9003 
1 6 9507 9588 9555 9587 9706 9886 
1 4 9365 9276 9292 9220 
1 4 9220 9221 9177 9079 
1 3 9079 9237 9366 
1 7 9366 9403 9526 9636 9810 9967 10175 
1 3 9221 9293 9366 
1 7 8817 8837 8879 8889 8880 8810 8726 
1 2 8889 8962 
1 4 8962 9070 9078 9079 
1 2 9070 9220 
1 2 9292 9509 
1 5 9915 9887 9769 9615 9509 
1 4 9507 9416 9508 9509 
1 2 9292 9416 
1 3 10107 10013 9915 
1 3 10653 10825 11060 
1 4 10653 10501 10357 10175 
1 3 10452 10470 10653 
1 3 10686 10794 11060 
1 4 11060 11009 11320 11421 
1 6 10686 10613 10452 10238 10159 10107 
1 9 10107 10129 10128 9966 9999 9983 9982 10032 10194 
1 7 11278 11165 11093 11094 10824 10842 10686 
1 2 11278 11487 
1 3 11094 11223 11421 
1 4 12266 12114 12007 11884 
1 5 11884 11791 11841 12030 11928 
1 5 12266 12113 11927 11882 11862 
1 5 11862 12029 12228 12208 12155 
1 5 12266 12408 12243 12242 12228 
1 7 11060 11190 11128 11279 11525 11747 11927 
1 4 12408 12717 12939 13065 
1 8 12228 12407 12698 12865 13039 13158 13258 13486 
1 4 12865 12964 13009 13038 
1 6 10471 10576 10654 10797 10896 10930 
1 4 11073 10863 10673 10471 
1 4 11073 11191 11373 11525 
1 5 10863 10673 10537 10536 10653 
1 5 11073 11011 10918 10896 10930 
1 6 10930 11061 11192 11374 11568 11884 
1 4 11073 11011 11074 11192 
1 6 10538 10640 10597 10596 10703 10797 
1 4 10538 10539 10614 10704 
1 3 10704 10864 11063 
1 5 11063 11167 11300 11425 11591 
1 5 11425 11281 11112 11095 10930 
1 4 11112 10897 10736 10640 
1 3 11591 11767 11928 
1 4 11570 11794 11951 12157 
1 4 11570 11502 11376 11301 
1 3 11301 11113 10900 
1 6 11502 11593 11710 11819 11929 12009 
1 2 12009 12317 
1 5 12317 12269 12156 12136 12030 
1 4 12009 11864 11863 11767 
1 4 10900 10798 10721 10704 
1 5 11301 11253 11334 11252 11063 
1 4 11195 11168 11196 11427 
1 3 11195 11194 11075 
1 4 11427 11503 11669 11618 
1 4 11427 11457 11504 11688 
1 9 11688 11768 11642 11573 11574 11712 11769 11821 11952 
1 3 11618 11571 11570 
1 5 11669 11795 11866 11951 12157 
1 5 11195 11357 11490 11618 11866 
1 4 11075 11064 10981 10900 
1 3 11357 11403 11570 
1 4 11075 11064 11254 11301 
1 3 12317 12527 12699 
1 6 12699 12737 12911 13139 13010 12982 
1 3 12982 13159 13065 
1 4 12526 12481 12244 12007 
1 3 12526 12786 13010 
1 5 12526 12649 12626 12456 12699 
1 4 12030 12268 12410 12456 
1 4 13724 13533 13310 12982 
1 2 12157 12338 
1 5 13184 13042 12761 12628 12361 
1 5 11669 11795 11885 11967 11988 
1 3 11688 11820 11988 
1 8 12556 12650 12913 12984 13208 13457 13704 13852 
1 2 12317 12556 
1 4 12699 12867 12983 13160 
1 5 13160 13207 13094 12984 13208 
1 6 12157 12337 12506 12718 13041 13208 
1 6 12913 12984 12718 13041 12787 12628 
1 2 11474 11619 
1 5 11619 11822 11843 11904 12034 
1 4 11822 11953 12089 12210 
1 7 11574 11712 11770 11595 11505 11643 11474 
1 3 11643 11797 11822 
1 2 13209 13067 
1 7 12210 12320 12461 12584 12840 12917 13067 
1 4 12034 12270 12342 12584 
1 4 12210 12341 12559 12738 
1 3 12738 12870 13067 
1 4 12738 12869 12916 12941 
1 8 12941 13043 12915 12762 12788 12940 13141 13184 
1 5 12788 12557 12339 12032 11820 
1 5 12788 12676 12482 12361 12338 
1 4 12210 11990 11968 11770 
1 8 12738 12583 12483 12319 12318 12088 11952 11768 
1 3 13184 13363 13488 
1 7 13488 13312 13403 13534 13404 13430 13209 
1 3 13043 13161 13312 
1 3 12779 13031 13134 
1 6 12779 12780 12753 12733 12734 12932 
1 3 12288 12579 12733 
1 5 13892 13846 13756 13799 13845 
1 3 14114 13958 13755 
1 6 14507 14325 14441 14527 14573 14349 
1 3 14115 14195 14349 
1 3 13800 13599 13779 
1 3 13824 14036 14350 
1 5 10373 10465 10669 10841 10956 
1 3 10841 11055 11276 
1 2 10956 11055 
1 2 10774 10841 
1 2 10374 10465 
1 5 13878 13912 14045 14169 14074 
1 4 14044 13967 14074 13878 
1 6 14687 14599 14399 14074 14335 14550 
1 4 14687 14633 14417 14494 
1 3 14044 14273 14417 
1 4 13430 13604 13786 13967 
1 5 15138 15311 15492 15579 15766 
1 8 15766 15831 15719 15580 15412 15267 15199 15200 
1 4 15719 15786 15740 16001 
1 3 15492 15531 15580 
1 6 15138 15039 15197 15058 14836 14687 
1 3 15058 15198 15267 
1 4 13912 14225 14376 14551 
1 4 14551 14808 15006 15200 
1 6 15200 15414 15689 15869 15787 16001 
1 3 16537 16610 16805 
1 3 16805 16878 16966 
1 5 16966 16718 16484 16285 16142 
1 2 16011 15869 
1 2 16142 16001 
1 3 16142 16089 16011 
1 4 16822 16821 16857 16700 
1 3 16700 16612 16484 
1 5 17473 17206 17106 17107 16966 
1 3 16966 16843 16857 
1 3 18160 18057 17846 
1 3 17473 17655 17846 
1 6 18583 18515 18424 18360 18204 18160 
1 3 17251 17128 16959 
1 3 17251 17422 17508 
1 3 18835 18792 18817 
1 11 18817 18858 18843 18739 18566 18581 18630 18622 18680 18726 18752 
1 4 18583 18666 18727 18835 
1 11 18835 18977 19030 19194 19242 19180 19323 19503 19646 19739 19910 
1 6 18837 18741 18740 18570 18587 18667 
1 4 18667 18689 18708 18649 
1 3 18649 18683 18762 
1 5 18762 18844 18946 19074 19180 
1 7 18160 18287 18425 18494 18569 18585 18649 
1 4 19803 19634 19684 19647 
1 4 19803 19620 19475 19306 
1 3 19306 19208 19044 
1 4 19044 18871 18845 18837 
1 10 19647 19575 19520 19460 19449 19509 19574 19728 19849 19910 
1 2 19503 19574 
1 3 19475 19589 19647 
1 5 20501 20518 20521 20539 20538 
1 3 20538 20603 20632 
1 6 9433 9560 9676 9829 10014 10098 
1 4 10078 10034 10014 10098 
1 4 10078 10097 10033 9951 
1 6 9951 9851 9744 9623 9513 9433 
1 6 10033 10197 10362 10506 10642 10799 
1 5 10098 10312 10441 10476 10544 
1 7 10544 10659 10780 10943 11114 11379 11474 
1 5 15690 15710 15460 15342 15313 
1 2 15690 15710 
1 2 15340 15396 
1 2 16012 15965 
1 2 15965 15690 
1 9 19494 19522 19638 19607 19600 19655 19523 19532 19479 
1 7 19479 19639 19672 19793 19873 19930 20039 
1 2 19655 19672 
1 2 19655 19793 
1 3 19335 19532 19479 
1 5 10602 11043 11348 11628 11894 
1 5 10602 11043 11348 11657 11958 
1 2 11958 11894 
1 8 11958 12280 12661 12969 13296 13588 13750 14173 
1 4 9407 9437 9563 9466 
1 2 9407 9466 
1 3 9437 9547 9359 
1 9 9466 9534 9712 9727 9978 10039 10150 10382 10567 
1 6 9547 9711 9976 10038 10333 10518 
1 6 11325 11439 11935 12254 12255 12328 
1 7 12328 12390 12823 13249 13542 13952 14058 
1 3 14058 13928 13469 
1 4 10518 10747 10992 11325 
1 6 4264 4101 3983 3470 3821 4590 
1 6 8407 8393 8257 8124 8445 7877 
1 2 4590 8393 
1 2 12746 12705 
1 4 8817 8907 8859 8788 
1 2 8960 8859 
1 9 14632 15649 14948 15809 15490 15289 15425 15491 15704 
1 2 15704 14632 
1 3 15704 15491 15649 
1 3 15704 15491 14948 
1 3 15704 15491 15490 
1 2 15289 15491 
1 2 14632 15491 
1 3 15491 14948 14860 
1 4 15491 15289 15309 15152 
1 12 13160 13428 13761 13990 14201 14332 14491 14711 14818 14862 15005 15152 
1 13 14494 14416 14449 14493 14530 14514 14549 14548 14656 14685 14765 14752 14862 
1 7 13488 13675 13828 13991 14148 14316 14514 
1 8 13208 13509 13762 13898 13911 13852 14042 14148 
1 9 13724 13827 13784 13897 13876 13964 14245 14331 14491 
1 4 13139 13360 13701 13964 
1 6 14654 14682 14598 14448 14395 14245 
1 11 15265 15078 15113 15114 15115 14947 14925 14861 15057 14616 15152 
1 3 14711 14786 14861 
1 10 16300 16251 16084 16172 16036 15909 15648 15437 15392 15309 
1 6 16300 16396 16518 16743 16917 16959 
1 6 16216 16054 16035 15998 16171 16300 
1 5 16216 16353 16516 16536 16741 
1 3 16107 16170 16216 
1 4 15488 15669 15867 15998 
1 7 15766 15718 15706 15671 15650 15556 15522 
1 5 15522 15438 15521 15612 14632 
1 5 15438 15266 15079 14962 14862 
1 6 14549 14806 14984 15196 15370 15522 
1 6 15766 15718 15706 15929 15888 16174 
1 15 14860 15868 15981 16127 16282 16462 16607 16661 16934 17120 17280 17390 17556 17740 17802 
1 3 17802 17895 18101 
1 6 16172 16317 16428 16578 16685 16934 
1 2 16685 16661 
1 8 16174 16217 16173 16055 16110 16153 16109 16127 
1 11 16537 16747 16664 16771 16699 16770 16687 16663 16520 16338 16173 
1 8 16663 16746 16686 16646 16662 16579 16608 16607 
1 13 18160 18073 17985 17955 17908 17755 17579 17560 17358 17315 17204 16981 16746 
1 12 17315 17511 17700 17907 18056 18186 18297 18385 18483 18582 18719 18727 
1 2 18719 18792 
1 11 15220 15472 15612 15810 15868 15886 15794 15648 15437 15255 15057 
1 8 13509 13703 13966 14223 14315 14492 14684 14862 
1 5 5718 5525 5483 5245 5200 
1 2 4979 5200 
1 2 4979 5245 
1 6 5483 5650 5803 6000 6186 6244 
1 2 5718 5803 
1 5 5200 5127 5176 5244 5084 
1 3 5084 5406 5567 
1 3 5084 4912 4705 
1 6 4705 4577 4424 4336 4202 4016 
1 10 4016 3855 3700 3598 3488 3352 3233 3102 3044 2920 
1 6 3468 3530 3599 3713 3886 4016 
1 34 6186 6282 6512 6527 6808 6882 7033 7253 7465 7587 7661 7660 7642 7682 7641 7630 7600 7492 7321 7359 7384 7404 7281 7045 7087 6833 6959 7103 7170 7102 7129 7021 6979 7020 
1 4 6882 6791 6717 6744 
1 7 6431 6523 6342 6470 6319 6296 6382 
1 7 6296 6081 5935 5715 5565 5595 5523 
1 9 5565 5443 5293 5141 5068 4870 4886 4839 4717 
1 13 6382 6097 6320 6383 6491 6369 6492 6524 6727 6789 6790 6923 7020 
1 6 4805 4767 4690 4613 4604 4581 
1 8 4581 4562 4523 4614 4573 4615 4524 4717 
1 22 4805 4958 5038 5121 5336 5274 5489 5633 5578 5624 5593 5634 5837 5974 6080 6207 6264 6357 6446 6194 6253 6431 
1 8 3169 3107 3023 2980 2960 2887 2865 2859 
1 9 2859 2926 2959 3048 3078 3134 3184 3224 3223 
1 5 3224 3331 3485 3559 3631 
1 15 3223 3244 3340 3458 3615 3630 3774 3874 3997 4133 4211 4380 4522 4670 4805 
1 4 3997 3973 3933 3943 
1 3 2558 2631 2616 
1 5 2631 2700 2701 2756 2859 
1 9 2756 2820 2933 2949 3001 3069 3095 3094 3093 
1 2 3094 3223 
1 2 3069 3134 
1 2 2933 2959 
1 8 3093 2978 2880 2828 2775 2762 2761 2710 
1 28 1077 1137 1191 1259 1301 1354 1395 1459 1483 1498 1507 1604 1630 1691 1699 1779 1821 1866 1917 2015 2154 2193 2317 2373 2453 2513 2604 2710 
1 6 2015 2070 2060 2092 2132 2149 
1 2 2060 1948 
1 2 1691 1729 
1 2 1631 1604 
1 2 1631 1729 
1 2 1562 1483 
1 23 50 64 87 123 144 163 189 214 233 237 278 320 383 448 510 561 608 697 768 897 972 1039 1077 
1 3 561 519 501 
1 10 284 302 321 362 428 457 515 545 610 614 
1 7 609 551 514 478 428 363 335 
1 2 515 479 
1 4 609 635 702 698 
1 4 2661 2735 2821 2939 
1 4 2735 2713 2654 2582 
1 2 2939 2980 
1 12 306 360 430 504 565 627 710 753 804 893 943 900 
1 3 700 650 710 
1 5 488 416 366 307 306 
1 5 488 529 516 600 652 
1 6 1023 1073 1174 1207 1254 1319 
1 6 652 713 772 823 907 824 
1 5 907 997 1072 1177 1287 
1 4 824 887 888 916 
1 3 888 1042 1162 
1 2 1042 1168 
1 2 1162 1168 
1 5 1168 1279 1436 1593 1658 
1 4 1593 1647 1738 1719 
1 3 1719 1852 2030 
1 2 1738 1852 
1 5 1711 1833 1897 1913 2030 
1 5 1287 1412 1534 1533 1711 
1 4 1534 1560 1662 1719 
1 8 1711 1532 1506 1367 1330 1303 1337 1419 
1 3 2104 2273 2342 
1 4 2342 2482 2652 2730 
1 4 2730 2801 2611 2610 
1 4 2610 2336 2190 2030 
1 4 1738 1857 1946 2104 
1 13 1726 1767 1830 1840 1907 1951 2084 2047 2157 2315 2477 2590 2814 
1 7 1726 1681 1725 1829 1947 2099 2309 
1 8 2309 2470 2437 2627 2769 2717 2973 2997 
1 5 1840 1889 2038 2197 2362 
1 5 2362 2417 2532 2856 2997 
1 10 2590 2780 2770 2802 2758 2718 2898 2705 3011 2997 
1 2 2705 2532 
1 13 4941 4520 4208 3941 3765 3899 3940 3672 3442 3175 3103 2844 2814 
1 5 3294 3452 3398 3279 2997 
1 6 2569 2673 2861 2983 3227 3294 
1 4 2569 2588 2492 2342 
1 7 3940 3838 3733 3704 3685 3335 3279 
1 3 6933 7000 6850 
1 4 7298 7395 7312 7420 
1 3 7000 7134 7312 
1 6 7298 7421 7576 7610 7713 7664 
1 4 7664 7754 7675 7551 
1 4 7675 7726 7869 7936 
1 5 7936 7861 7870 7839 7899 
1 3 7899 8079 8228 
1 6 8228 8307 8260 8369 8424 8352 
1 7 2603 2649 2706 2772 2857 2984 3115 
1 3 2649 2731 2824 
1 7 2824 2912 3012 3075 3190 3275 3399 
1 4 3115 3191 3263 3399 
1 6 3399 3428 3499 3593 3725 3823 
1 3 3823 3849 3928 
1 2 3725 3849 
1 4 3928 3907 3967 4124 
1 4 4124 4231 4377 4508 
1 3 3399 3498 3511 
1 8 3320 3144 3030 2945 2845 2782 2665 2649 
1 3 2945 2974 3012 
1 4 3320 3454 3367 3511 
1 3 3511 3644 3771 
1 3 3644 3673 3708 
1 5 3771 3839 4007 4021 4124 
1 8 4377 4404 4378 4432 4542 4521 4636 4609 
1 15 4636 4824 4953 4971 5077 5010 5011 5078 5223 5253 5287 5268 5118 5136 5012 
1 2 5012 4955 
1 7 4508 4761 4998 5207 5475 5642 5832 
1 6 4824 5009 5116 5195 5347 5475 
1 9 6251 6331 6376 6425 6603 6660 6571 6768 6954 
1 9 6251 6403 6534 6604 6605 6485 6519 6708 6903 
1 6 5832 5831 5971 6046 6293 6485 
1 10 5640 5682 5851 6019 6166 6120 6516 6620 6767 6768 
1 11 5682 5709 5710 5683 5711 5712 5604 5410 5266 5114 5062 
1 3 5062 5182 5090 
1 9 5090 5007 4894 4860 4837 4780 4698 4635 4508 
1 12 6954 6918 7003 7237 7336 7441 7541 7671 7815 7963 8037 8166 
1 9 7498 7377 7081 6887 6734 6600 6313 6090 6041 
1 5 6954 6991 7083 7111 7195 
1 14 8549 8520 8499 8448 8449 8345 8253 8230 8070 8042 7831 7715 7579 7498 
1 4 7179 6866 6797 6748 
1 6 7179 6902 6732 6570 6409 6289 
1 5 7179 6902 6733 6546 6311 
1 3 6289 6290 6311 
1 7 7179 7301 7315 7477 7538 7668 7831 
1 11 8172 8095 7990 7850 7851 7769 7594 7520 7355 7287 7179 
1 8 8172 8202 8276 8371 8470 8438 8428 8549 
1 4 8172 8252 8358 8416 
1 3 9020 9202 9388 
1 5 9388 9371 9421 9248 9433 
1 6 9388 9514 9723 9889 10003 10098 
1 2 8865 8970 
1 5 8970 8969 9085 8984 9020 
1 5 8865 8750 8699 8598 8549 
1 8 9355 9531 9791 9988 10036 10146 10365 10397 
1 4 8970 9114 9115 9250 
1 2 9250 9355 
1 6 9355 9204 9048 8850 8791 8690 
1 6 8449 8471 8528 8583 8642 8690 
1 4 8791 8746 8729 8710 
1 3 8710 8631 8699 
1 9 10098 10163 10243 10363 10431 10488 10489 10417 10365 
1 3 10431 10508 10544 
1 5 9250 9372 9493 9405 9388 
1 4 8349 9931 10267 9077 
1 3 8332 8419 8506 
1 8 8332 8347 8418 8523 8514 8510 8608 8740 
1 6 8106 8173 8330 8412 8530 8510 
1 3 8349 9488 9275 
1 8 9496 9356 9159 8988 8802 8716 8612 8506 
1 4 8506 8485 8451 8507 
1 5 8507 8551 8637 8695 8802 
1 7 8718 8677 8742 8702 8658 8717 8802 
1 9 8718 8703 8667 8732 8784 8927 8918 8972 9103 
1 4 9103 9130 9131 9181 
1 8 10261 10019 9906 9698 9546 9343 9211 9103 
1 7 9709 9773 9643 9627 9876 9835 10083 
1 9 10054 10202 10165 10203 10294 10512 10646 10850 10832 
1 3 9876 10081 10294 
1 24 19340 19301 19160 19028 18974 18808 18716 18502 18319 18284 18214 18021 17953 17843 17639 17388 17279 16995 16957 16817 16513 16265 16033 16152 
1 20 16995 17279 17506 17737 18002 18158 18356 18565 18781 18955 19109 19275 19401 19587 19726 19919 20089 20267 20290 20412 
1 24 16995 17033 16852 16740 16816 16603 16644 16576 16643 16554 16697 16624 16553 16623 16871 17083 17249 17436 17447 17403 17446 17312 17082 16836 
1 3 3169 3170 3118 
1 4 3118 3197 3290 3270 
1 13 3270 3198 3230 3282 3379 3380 3466 3617 3746 3978 3999 3953 4069 
1 3 3978 3892 3809 
1 11 4069 4214 4312 4478 4668 4829 4931 5160 5294 5355 5595 
1 3 6761 7093 7249 
1 9 7249 7435 7472 7781 7883 7973 8039 8136 8287 
1 2 6761 6747 
1 9 6747 6762 6776 6777 6837 6885 6912 7145 7177 
1 6 4941 5167 5561 57 5992 6305 
1 4 6305 6304 6530 6747 
1 6 7177 7078 7014 6786 6854 6902 
1 5 7177 7507 7578 7768 7850 
1 5 8287 8274 8251 8275 8172 
1 9 2456 2457 2466 2511 2537 2599 2646 2663 2670 
1 6 2646 2703 2889 2995 3052 3231 
1 3 2703 2869 2909 
1 5 2582 2635 2625 2592 2551 
1 4 2551 2529 2480 2456 
1 6 3231 3363 3478 3597 3662 3809 
1 4 3231 3271 3333 3380 
1 4 2063 1997 1949 1912 
1 4 2063 2097 2144 2172 
1 2 2464 2490 
1 7 2490 2359 2262 2269 2205 2114 2007 
1 2 2007 1949 
1 3 2490 2501 2608 
1 10 2608 2593 2585 2620 2571 2504 2530 2607 2626 2670 
1 3 2294 2380 2413 
1 2 2413 2504 
1 5 2083 2094 2140 2155 2222 
1 2 2222 2294 
1 4 2083 2203 2290 2369 
1 3 2369 2408 2511 
1 3 2095 2085 2020 
1 5 2020 1899 1847 1807 1709 
1 5 1709 1797 1816 1887 1912 
1 4 2020 1996 1958 2007 
1 4 2095 2143 2165 2222 
1 9 15799 16064 16732 17112 17264 17977 17707 17824 18110 
1 6 19753 19987 20060 19974 19842 20112 
1 4 20112 20279 20272 20065 
1 8 20065 20098 20052 20032 20097 20111 19915 20059 
1 7 18351 18744 18989 19387 19593 19947 20065 
1 2 17977 18351 
1 3 16973 17349 17210 
1 3 16973 17018 17411 
1 3 17888 17412 16973 
1 8 17888 18179 18327 18550 18779 18848 18820 18989 
1 2 13588 13469 
1 5 16490 16329 16160 16042 15989 
1 9 15989 16063 16206 16437 16438 16809 16810 17038 17411 
1 10 16564 16669 16756 16588 16589 16776 16590 16489 16591 16490 
1 3 19414 18928 18864 
1 8 18864 18442 18153 17903 17663 17455 17139 16809 
1 11 18928 18433 18432 18096 17913 17550 17380 17183 16985 16707 16564 
1 3 15690 15966 15914 
1 7 20600 20582 20581 20568 20556 20559 20508 
1 6 19900 19959 20216 20413 20463 20600 
1 14 20600 20606 20601 20565 20590 20621 20574 20587 20465 20345 20356 20227 19894 19774 
1 9 20059 19775 19810 19828 19688 19609 19719 19744 19774 
1 5 19414 19715 19752 20237 20345 
1 3 5459 5570 57 
1 3 5459 5061 4778 
1 4 12556 12627 12810 13160 
1 2 12317 12627 
1 2 12810 12983 
1 9 20185 20177 20158 20186 20225 20205 20226 20278 20171 
1 5 20185 20235 20244 20204 20176 
1 4 19839 19970 20105 20185 
1 6 19839 19704 19549 19406 19429 19482 
1 3 18027 17867 18220 
1 5 18302 18273 18152 18335 18220 
1 4 20508 20534 20522 20409 
1 3 20409 20291 20417 
1 3 20417 20264 20416 
1 8 20416 20326 20263 19874 19846 20141 20148 20171 
1 2 16561 15691 
1 2 15691 15524 
1 2 15524 15443 
1 4 16561 16775 17289 17867 
1 3 15691 15948 16156 
1 5 12322 11993 11931 11675 11433 
1 4 11433 11135 10904 10744 
1 4 10904 10784 10516 10261 
1 3 12702 13102 13264 
1 6 13264 13680 13921 14340 14619 14810 
1 4 14810 15163 15461 15691 
1 9 11624 12036 12143 12298 12037 11994 11651 11461 11206 
1 3 12036 12232 12322 
1 5 11994 12389 12636 12655 13102 
1 7 8206 8158 8129 8089 7979 7893 7808 
1 8 7808 7625 7461 7277 7196 7042 6857 6662 
1 7 8121 8012 7987 7966 7907 7777 7699 
1 4 7699 7681 7690 7808 
1 2 7625 7690 
1 11 6662 6635 6623 6574 6586 6650 6611 6539 6442 6468 6612 
1 9 6262 6340 6469 6522 6587 6625 6540 6553 6612 
1 2 19577 19309 
1 6 19101 19393 19452 19453 19367 19512 
1 4 19234 19244 19004 18884 
1 3 19244 19430 19512 
1 8 11210 11435 11342 11263 11211 11106 10950 10951 
1 3 12702 12368 11974 
1 4 11974 12252 12347 12144 
1 4 12144 11823 11463 11210 
1 2 12252 12368 
1 6 15796 15538 15294 15083 14792 14424 
1 5 14319 14227 14383 14453 14424 
1 2 14453 14792 
1 5 17364 16753 16752 16649 16984 
1 5 16984 17221 17236 17323 16725 
1 4 16725 17837 18046 18303 
1 2 18303 18027 
1 3 17209 17195 16847 
1 3 17195 16886 17364 
1 4 13742 13315 13412 13344 
1 10 13344 13386 13608 13789 14080 14208 14560 14638 14952 15182 
1 3 15165 15181 15182 
1 6 13742 14051 14021 14252 14454 14424 
1 4 15182 15099 15818 16847 
1 5 18522 18875 18927 19484 19577 
1 5 19234 19048 18988 19454 19309 
1 6 17209 17778 17760 17789 18377 18522 
1 4 13745 13812 14301 14426 
1 3 14426 14793 15099 
1 10 11755 11776 11801 11697 11652 11722 11626 11601 11756 11824 
1 5 10951 11041 11308 11552 11755 
1 6 13344 13292 12569 12533 12185 11755 
1 8 11824 12326 12467 12613 12968 13218 13610 13745 
1 7 14343 14344 14407 14562 14476 14604 14772 
1 6 14772 14758 14848 14867 14973 14974 
1 6 14973 15404 15540 15711 15917 15898 
1 5 14973 15276 15258 15184 15240 
1 4 15240 15380 15497 15617 
1 4 15917 16222 16327 16564 
1 5 15617 15657 15569 15770 15989 
1 14 13745 13791 13516 13631 13950 14023 13973 13746 13813 13838 13814 14024 14105 14343 
1 9 13952 13927 13815 13863 14000 14386 14938 14975 15240 
1 3 11385 11554 11325 
1 4 11385 11438 11412 11655 
1 3 11655 12073 12413 
1 4 12413 12615 13077 13493 
1 5 13493 13712 13880 14344 14343 
1 6 18096 18462 18778 18662 18692 18522 
1 2 19577 19900 
1 2 19101 19392 
1 2 19392 19874 
1 4 19101 18812 18366 18027 
1 2 18366 18220 
1 2 19494 19913 
1 11 19479 19590 19621 19782 19941 20073 20104 20021 19860 19884 19793 
1 2 15396 16012 
1 2 15396 15690 
1 5 15396 15459 15341 14965 14840 
1 2 15459 15710 
1 3 15396 15834 15631 
1 2 15443 15566 
1 3 13186 12942 12840 
1 4 11168 11076 10901 10799 
1 4 19335 19232 19223 19374 
1 6 19374 19223 19046 18940 18756 18591 
1 5 18591 18634 18601 18506 18261 
1 6 18261 18260 18059 18076 17945 18025 
1 7 18025 17821 20739 16858 20727 20726 16583 
1 4 16583 16288 16178 15962 
1 5 15962 15945 15630 15290 14987 
1 4 14987 14663 14337 13857 
1 4 14987 14823 14689 14419 
1 4 14419 14533 14907 14950 
1 7 14419 14274 13831 13858 13242 13461 13434 
1 10 14950 14824 14839 14754 14789 14768 14553 14554 14555 14403 
1 7 13434 13554 13490 13768 14181 14555 14403 
1 5 17235 16898 16470 16181 15946 
1 3 15946 15564 15565 
1 5 15565 15397 15041 14736 14403 
1 5 14756 14665 14497 14226 14250 
1 5 14250 14381 14421 14692 14889 
1 5 14756 14989 15178 15442 15566 
1 5 14989 15223 15441 15584 15985 
1 9 15985 16062 16203 16371 16221 16324 16432 16289 16470 
1 7 14889 15142 15399 15598 15814 15536 15565 
1 4 15598 15537 15852 15584 
1 6 16941 17036 16922 17194 17363 17379 
1 3 17379 17181 17050 
1 3 17050 16774 16433 
1 3 16433 16525 16775 
1 4 16433 16184 15893 15566 
1 5 16922 16846 16724 16325 16204 
1 2 16204 15985 
1 5 18652 18521 18615 18496 18441 
1 4 18652 18573 18592 18861 
1 7 18861 19100 19137 19151 19280 19451 19482 
1 5 18441 18653 18661 18534 18302 
1 9 18592 18669 18572 18365 18429 18452 18486 18520 18591 
1 3 19374 19410 19511 
1 7 19451 19481 19576 19601 19548 19495 19511 
1 7 13289 13072 12682 12367 11799 11530 11433 
1 4 13289 13707 13810 14250 
1 3 13289 13189 13367 
1 6 13367 13462 13537 13625 13860 14018 
1 2 14018 14403 
1 8 10083 10018 10037 10166 10223 10400 10584 10744 
1 6 10832 10833 10803 10583 10399 10166 
1 2 9496 9709 
1 3 9709 9833 10054 
1 5 13857 13460 13069 12919 12632 
1 8 12632 12765 12739 12791 13068 12764 12462 12438 
1 7 12462 12163 12183 11991 11715 11382 11200 
1 7 11200 11229 11258 11288 11529 11339 11134 
1 4 11134 10868 10619 10418 
1 6 10418 10331 10330 10260 10246 10113 
1 5 11529 11716 12011 12297 12680 
1 7 12680 13070 13313 13606 13917 13945 14419 
1 9 10397 10692 10781 10959 11102 11458 11644 12010 12344 
1 7 12344 12295 12061 12181 12182 12211 12230 
1 3 9603 9447 9422 
1 9 8569 8574 8700 8771 8951 9086 9206 9295 9422 
1 6 9086 9296 9561 9891 10015 10130 
1 11 10130 10293 10099 10350 10526 10739 10945 11228 11735 11971 12230 
1 8 10739 10944 10903 10960 11199 11104 11103 11102 
1 2 10099 9891 
1 9 10130 10313 10245 10510 10618 10830 10984 11229 11200 
1 9 8106 8164 8155 8205 8271 8382 8372 8254 8051 
1 3 8051 8163 8324 
1 10 8106 8164 8282 8354 8439 8479 8450 8553 8632 8665 
1 2 8382 8479 
1 3 8553 8600 8569 
1 3 8324 8431 8569 
1 7 9494 9267 9145 9006 8894 8851 8740 
1 4 7195 7440 7622 7621 
1 5 7621 7707 7927 7977 8106 
1 5 5640 5708 5807 5874 6060 
1 5 6060 6239 6402 6601 6678 
1 5 6090 6165 6179 6119 6228 
1 3 6228 6291 6402 
1 4 6678 6915 7108 7389 
1 6 7389 7488 7508 7438 7539 7621 
1 6 7389 7411 7611 7460 7424 7498 
1 5 7611 7771 7782 7952 8051 
