1 50 
1 284 
1 306 
1 478 
1 479 
1 488 
1 501 
1 561 
1 652 
1 698 
1 700 
1 900 
1 916 
1 1023 
1 1077 
1 1162 
1 1177 
1 1287 
1 1301 
1 1319 
1 1419 
1 1507 
1 1562 
1 1631 
1 1658 
1 1709 
1 1711 
1 1719 
1 1726 
1 1729 
1 1738 
1 1821 
1 1912 
1 1948 
1 2007 
1 2015 
1 2030 
1 2063 
1 2083 
1 2095 
1 2104 
1 2149 
1 2172 
1 2222 
1 2294 
1 2309 
1 2342 
1 2413 
1 2456 
1 2464 
1 2558 
1 2603 
1 2608 
1 2610 
1 2616 
1 2661 
1 2670 
1 2689 
1 2710 
1 2730 
1 2814 
1 2824 
1 2857 
1 2859 
1 2909 
1 2920 
1 2939 
1 2997 
1 3093 
1 3115 
1 3118 
1 3169 
1 3223 
1 3231 
1 3320 
1 3399 
1 3468 
1 3511 
1 3631 
1 3673 
1 3708 
1 3809 
1 3823 
1 3928 
1 3943 
1 4016 
1 4069 
1 4124 
1 4264 
1 4436 
1 4508 
1 4581 
1 4590 
1 4609 
1 4705 
1 4717 
1 4778 
1 4805 
1 4941 
1 4979 
1 5084 
1 5200 
1 5459 
1 5523 
1 5567 
1 5640 
1 5715 
1 5718 
1 5769 
1 5832 
1 6041 
1 6060 
1 6172 
1 6244 
1 6251 
1 6262 
1 6289 
1 6431 
1 6612 
1 6662 
1 6678 
1 6744 
1 6747 
1 6748 
1 6761 
1 6850 
1 6903 
1 6933 
1 6954 
1 7020 
1 7177 
1 7179 
1 7249 
1 7298 
1 7384 
1 7389 
1 7417 
1 7420 
1 7498 
1 7551 
1 7621 
1 7637 
1 7642 
1 7664 
1 7699 
1 7808 
1 7862 
1 7877 
1 7899 
1 7936 
1 8025 
1 8051 
1 8055 
1 8106 
1 8121 
1 8166 
1 8172 
1 8199 
1 8206 
1 8228 
1 8257 
1 8287 
1 8324 
1 8332 
1 8335 
1 8342 
1 8349 
1 8352 
1 8407 
1 8468 
1 8506 
1 8507 
1 8549 
1 8569 
1 8665 
1 8682 
1 8690 
1 8710 
1 8718 
1 8726 
1 8729 
1 8740 
1 8791 
1 8817 
1 8835 
1 8856 
1 8865 
1 8908 
1 8970 
1 9003 
1 9020 
1 9079 
1 9137 
1 9152 
1 9181 
1 9185 
1 9220 
1 9250 
1 9355 
1 9359 
1 9366 
1 9388 
1 9407 
1 9422 
1 9429 
1 9433 
1 9437 
1 9466 
1 9494 
1 9496 
1 9506 
1 9507 
1 9509 
1 9563 
1 9574 
1 9603 
1 9702 
1 9736 
1 9759 
1 9768 
1 9930 
1 9946 
1 9965 
1 9967 
1 10078 
1 10083 
1 10098 
1 10107 
1 10113 
1 10126 
1 10130 
1 10175 
1 10208 
1 10261 
1 10266 
1 10283 
1 10356 
1 10374 
1 10411 
1 10413 
1 10418 
1 10439 
1 10447 
1 10452 
1 10471 
1 10518 
1 10567 
1 10596 
1 10602 
1 10638 
1 10653 
1 10686 
1 10704 
1 10744 
1 10832 
1 10886 
1 10900 
1 10930 
1 10951 
1 10960 
1 11060 
1 11063 
1 11073 
1 11075 
1 11109 
1 11112 
1 11134 
1 11187 
1 11195 
1 11200 
1 11206 
1 11210 
1 11274 
1 11276 
1 11301 
1 11325 
1 11376 
1 11418 
1 11421 
1 11425 
1 11427 
1 11433 
1 11452 
1 11471 
1 11474 
1 11487 
1 11502 
1 11543 
1 11570 
1 11574 
1 11593 
1 11619 
1 11624 
1 11666 
1 11669 
1 11730 
1 11755 
1 11814 
1 11819 
1 11824 
1 11862 
1 11884 
1 11894 
1 11901 
1 11927 
1 11928 
1 11958 
1 11974 
1 12003 
1 12009 
1 12034 
1 12084 
1 12111 
1 12144 
1 12155 
1 12157 
1 12210 
1 12230 
1 12266 
1 12313 
1 12317 
1 12322 
1 12328 
1 12338 
1 12344 
1 12438 
1 12554 
1 12556 
1 12581 
1 12632 
1 12667 
1 12680 
1 12699 
1 12702 
1 12717 
1 12746 
1 12779 
1 12932 
1 12982 
1 13038 
1 13065 
1 13067 
1 13091 
1 13160 
1 13184 
1 13208 
1 13209 
1 13264 
1 13289 
1 13344 
1 13434 
1 13451 
1 13501 
1 13672 
1 13673 
1 13674 
1 13724 
1 13742 
1 13745 
1 13755 
1 13779 
1 13800 
1 13802 
1 13805 
1 13847 
1 13857 
1 13869 
1 13896 
1 13898 
1 13912 
1 13962 
1 13990 
1 14044 
1 14058 
1 14068 
1 14074 
1 14092 
1 14146 
1 14148 
1 14173 
1 14245 
1 14250 
1 14293 
1 14319 
1 14343 
1 14349 
1 14403 
1 14419 
1 14424 
1 14426 
1 14444 
1 14468 
1 14491 
1 14494 
1 14507 
1 14549 
1 14598 
1 14629 
1 14632 
1 14650 
1 14654 
1 14687 
1 14730 
1 14751 
1 14756 
1 14772 
1 14810 
1 14860 
1 14862 
1 14924 
1 14947 
1 14948 
1 14950 
1 14974 
1 14987 
1 15003 
1 15138 
1 15149 
1 15152 
1 15165 
1 15200 
1 15240 
1 15263 
1 15265 
1 15289 
1 15307 
1 15340 
1 15396 
1 15425 
1 15459 
1 15490 
1 15491 
1 15522 
1 15559 
1 15565 
1 15566 
1 15617 
1 15648 
1 15649 
1 15690 
1 15691 
1 15704 
1 15710 
1 15762 
1 15763 
1 15766 
1 15796 
1 15799 
1 15809 
1 15869 
1 15884 
1 15898 
1 15946 
1 15962 
1 15965 
1 15985 
1 16001 
1 16011 
1 16012 
1 16127 
1 16142 
1 16152 
1 16153 
1 16156 
1 16172 
1 16174 
1 16216 
1 16300 
1 16490 
1 16537 
1 16561 
1 16564 
1 16583 
1 16607 
1 16687 
1 16700 
1 16725 
1 16741 
1 16805 
1 16822 
1 16836 
1 16847 
1 16873 
1 16941 
1 16966 
1 16973 
1 16995 
1 17050 
1 17209 
1 17210 
1 17235 
1 17251 
1 17364 
1 17407 
1 17411 
1 17473 
1 17802 
1 17846 
1 17888 
1 18025 
1 18027 
1 18110 
1 18160 
1 18220 
1 18261 
1 18302 
1 18303 
1 18351 
1 18441 
1 18522 
1 18583 
1 18591 
1 18649 
1 18652 
1 18667 
1 18752 
1 18817 
1 18835 
1 18837 
1 18861 
1 18864 
1 18884 
1 19101 
1 19234 
1 19309 
1 19335 
1 19340 
1 19374 
1 19414 
1 19479 
1 19482 
1 19494 
1 19511 
1 19512 
1 19523 
1 19577 
1 19753 
1 19774 
1 19782 
1 19803 
1 19839 
1 19884 
1 19900 
1 19910 
1 19913 
1 20039 
1 20059 
1 20065 
1 20073 
1 20112 
1 20171 
1 20176 
1 20412 
1 20501 
1 20508 
1 20538 
1 20600 
1 20632 
1 20665 
1 20667 
