
state={
	id=440
	name="STATE_440"
	provinces={
		6889 8349 8867 9077 9275 9487 9488 9747 9931 10063 10148 10233 10234 10254 10267 10366 12063 15008 16381 16486 16523 16560 16648 16704 16773 16795 16823 16884 16940 16970 17002 17109 17135 17208 17220 17258 17261 17287 17288 17307 17322 17343 17344 17378 17393 17394 17395 17427 17428 17475 17476 17526 17528 17546 17565 17566 17580 17581 17582 17595 17596 17597 17627 17642 17661 17685 17729 17743 17758 17759 17774 17787 17788 17809 17836 17887 17910 17934 17935 17946 17947 17958 17974 17975 17988 17989 18026 18043 18044 18060 18061 18077 18119 18140 18141 18151 18165 18190 18206 18216 18217 18218 18300 18309 18323 18334 18364 18389 18414 18428 18495 18533 18559 18590 18660 18700 18860 18947 18966 20756 20760 20812 20813 20814 20815 20816 20817 20818 20820 20821 20822 20823 20824 20826 20833 20834 20835 20836 20837 20838 20839 20840 20841 20842 20845 20895 20896 20897 
	}
	manpower=0
	buildings_max_level_factor=1.000
	local_supplies=0.000
}
